                                                
                                                
                                                
                                                
                                                
                                                
                                                
               _4__                             
          _5_4__MM_    _5_     3533             
          _       _4   _M_ 33534 z3             
          5       Q___4_ 5 4      3             
          _v             __3      4             
          _4  o      A   YY      Q3             
           _         A   5_35343353             
           4             _                      
           ___4_5_5_4___ _                      
                       4 8                      
                       8 8335343                
              3334353438 _     333              
             43        8 8       3              
             3     5_555 555     4              
             4   5_5MM     5     3              
             35  5         _y    3              
              3  3         555   3              
             33  5     5     _   4              
             4   4     3     5   3              
             33  5     3     4   5              
              5  4     4P   55   3              
              3  5     33  W5    3              
              3  3     Q3  5     4              
              4  5     33YY555   3              
              3  4     3     4   3              
              5  5     4     5   5              
              3  3     3     4   3              
              3  4     3     3  34              
              4  3  H  3 D   3  5               
              3VV3343433343ZZ3  3               
              5   V             3               
              3 K V            33               
              333433533433433533                
                                                
                                                
                                                
                                                
                                                
                                                
                                                
                                                
